world: world
x: 322.77944324774694
y: 65.0
z: 174.41364190268445
yaw: -90.06732
pitch: 0.02847577
name: buildinggame
