world: world
x: 193.68072255664802
y: 65.0
z: 174.56993274144043
yaw: -271.2223
pitch: -3.0437298
name: hungergames
