world: world
x: 212.52084132222413
y: 69.0
z: -106.53207677507268
yaw: 89.634766
pitch: 89.549995
name: PropHunt
