world: world
x: 258.37649431341833
y: 65.0
z: 108.76729927758886
yaw: -180.0398
pitch: 2.8811798
name: survival
