timestamps:
  login: 1387737814938
  logout: 1387737964939
ipAddress: 38.64.137.148
lastlocation:
  world: world
  x: 258.0
  y: 50.0
  z: 250.0
  yaw: 0.0
  pitch: 0.0
logoutlocation:
  world: world
  x: 246.0893311110836
  y: 60.0
  z: 148.65748311788624
  yaw: 145.70654
  pitch: 20.80618
