timestamps:
  login: 1387742584497
  lastteleport: 1387742868255
ipAddress: 99.237.182.146
lastlocation:
  world: world
  x: 246.68356056138873
  y: 50.0
  z: 255.28878439177143
  yaw: 9.65955
  pitch: 29.356184
