timestamps:
  login: 1387669256510
  logout: 1387669280510
ipAddress: 135.0.83.189
lastlocation:
  world: world
  x: 258.0
  y: 50.0
  z: 250.0
  yaw: 0.0
  pitch: 0.0
ban:
  reason: '§4Banned:

    §rvery funny'
  timeout: 0
logoutlocation:
  world: world
  x: 250.66719987879227
  y: 60.0
  z: 215.65865378604656
  yaw: 137.45956
  pitch: 6.4061847
