timestamps:
  login: 1387813235022
  logout: 1387817376373
  lastteleport: 1387816991625
ipAddress: 209.141.148.185
lastlocation:
  world: world
  x: 258.69999998807907
  y: 50.0
  z: 259.69999998807907
  yaw: -184.19153
  pitch: 34.08363
logoutlocation:
  world: world
  x: 255.87080331868674
  y: 60.0
  z: 147.5932514439714
  yaw: -35.241516
  pitch: 9.483664
nickname: Danny
