timestamps:
  login: 1388167488916
  logout: 1388167545050
  lastteleport: 1387844959007
ipAddress: 209.141.169.153
lastlocation:
  world: world
  x: 258.69999998807907
  y: 50.0
  z: 259.69999998807907
  yaw: -183.96214
  pitch: 34.08363
nickname: Kevin
logoutlocation:
  world: world
  x: 251.18271992166422
  y: 61.0
  z: 199.92026088189738
  yaw: -229.06561
  pitch: 37.524517
