timestamps:
  login: 1388180853529
  logout: 1388182399629
ipAddress: 135.0.83.189
lastlocation:
  world: CTF-MAP_Sky
  x: -1446.099536717863
  y: 4.200000047683716
  z: 195.34397159251708
  yaw: -80.12985
  pitch: 60.481277
logoutlocation:
  world: CTF-MAP_Sky
  x: -1448.6497843795714
  y: 4.0
  z: 188.68705347789987
  yaw: 92.22012
  pitch: 18.93128
