timestamps:
  login: 1388885131871
  logout: 1388885807121
  lastteleport: 1388885268126
ipAddress: 135.0.83.189
lastlocation:
  world: CTF-MAP_Sky
  x: -1446.1496117067818
  y: 4.0
  z: 197.3874858831738
  yaw: -83.87995
  pitch: 14.731291
logoutlocation:
  world: CTF-MAP_Sky
  x: -1448.790179147262
  y: 4.0
  z: 203.54494965261878
  yaw: -156.62973
  pitch: 13.800006
