timestamps:
  login: 1387662785910
  logout: 1387664343023
ipAddress: 38.64.136.183
lastlocation:
  world: world
  x: 257.3760661215124
  y: 60.0
  z: 221.3561967484044
  yaw: 326.31055
  pitch: 18.89997
nickname: Edward
logoutlocation:
  world: world
  x: 195.66525422496923
  y: 65.0
  z: 169.81906534796028
  yaw: -3.6547546
  pitch: 26.433369
