timestamps:
  login: 1388171835402
  logout: 1388174341736
  lastteleport: 1388174338152
ipAddress: 70.50.136.151
lastlocation:
  world: world
  x: 258.5
  y: 50.0
  z: 259.5
  yaw: -184.19153
  pitch: 34.08363
nickname: Richard
logoutlocation:
  world: world
  x: 258.5
  y: 50.0
  z: 250.5
  yaw: -184.19153
  pitch: 34.08363
