timestamps:
  login: 1388883271602
  logout: 1388883290152
ipAddress: 135.0.83.189
lastlocation:
  world: world
  x: 252.5
  y: 50.0
  z: 259.5
  yaw: -5.3156366
  pitch: 15.150048
ban:
  reason: '§4Banned:

    §rThe Ban Hammer has spoken!'
  timeout: 0
logoutlocation:
  world: world
  x: 260.4363821466879
  y: 62.0
  z: 226.03753618469506
  yaw: 190.28436
  pitch: 28.500027
