timestamps:
  login: 1389470287558
  lastteleport: 1388358597310
  logout: 1389470529159
ipAddress: 99.238.68.194
lastlocation:
  world: world
  x: 252.69999998807904
  y: 50.0
  z: 259.4689740096494
  yaw: 15.2343645
  pitch: 3.0000484
logoutlocation:
  world: world
  x: 243.14356484644247
  y: 109.0
  z: 178.59190173467294
  yaw: -87.96567
  pitch: 26.399906
