timestamps:
  login: 1388014747437
  lastteleport: 1388017099343
  logout: 1388018056135
ipAddress: 99.238.68.194
lastlocation:
  world: world
  x: 246.65602876718603
  y: 50.0
  z: 254.94851345022377
  yaw: 4.6499395
  pitch: 20.099968
logoutlocation:
  world: world
  x: 188.0
  y: 65.0
  z: 174.0
  yaw: 54.75002
  pitch: -36.450005
