timestamps:
  login: 1387569162594
  logout: 1387569539095
ipAddress: 135.0.147.70
lastlocation:
  world: world
  x: 184.5912688702577
  y: 65.0
  z: 176.72158421292946
  yaw: -269.49088
  pitch: -25.843779
nickname: Angela
afk: false
logoutlocation:
  world: world
  x: 258.3691916054724
  y: 51.0
  z: 243.68861077420607
  yaw: -180.54031
  pitch: -12.793802
