timestamps:
  login: 1389470635508
  logout: 1389470859158
  lastteleport: 1389470387463
ipAddress: 135.0.147.70
lastlocation:
  world: world
  x: 252.49522531964857
  y: 50.0
  z: 259.32413008495206
  yaw: 186.68402
  pitch: 0.9001442
nickname: Angela
afk: false
logoutlocation:
  world: parkour_flat
  x: -10.563682858113596
  y: 3.0
  z: 7.30502311357006
  yaw: -46.04959
  pitch: 29.249945
