timestamps:
  login: 1388333692237
  logout: 1388333697737
  lastteleport: 1388245116073
ipAddress: 99.245.5.247
lastlocation:
  world: world
  x: 258.5
  y: 50.0
  z: 259.5
  yaw: -184.19153
  pitch: 34.08363
nickname: Raymond
logoutlocation:
  world: world
  x: 232.83392241906833
  y: 60.0
  z: 164.62865513150655
  yaw: -6.89093
  pitch: 90.0
