timestamps:
  login: 1389484108932
  logout: 1389484284132
  lastteleport: 1389484124708
ipAddress: 99.245.5.247
lastlocation:
  world: world
  x: 252.5
  y: 50.0
  z: 259.5
  yaw: 180.53403
  pitch: 2.8501441
nickname: Raymond
logoutlocation:
  world: survival
  x: -40.19564496418391
  y: 94.7531999805212
  z: -38.69999998807907
  yaw: -257.68005
  pitch: 90.0
