timestamps:
  login: 1387818150234
  lastteleport: 1387819264738
  logout: 1387819659483
ipAddress: 192.0.232.163
lastlocation:
  world: world
  x: 258.69999998807907
  y: 50.0
  z: 259.69999998807907
  yaw: -184.19153
  pitch: 34.08363
logoutlocation:
  world: parkour_flat
  x: -7.246385873715397
  y: 3.0
  z: 7.402321317757467
  yaw: -144.59973
  pitch: 18.750013
