timestamps:
  login: 1389461719534
  lastteleport: 1387819264738
  logout: 1389461721360
ipAddress: 192.0.232.163
lastlocation:
  world: world
  x: 258.69999998807907
  y: 50.0
  z: 259.69999998807907
  yaw: -184.19153
  pitch: 34.08363
logoutlocation:
  world: parkour_flat
  x: 9.414843047363188
  y: 4.0
  z: 1.1299345970594876
  yaw: 86.51922
  pitch: 9.805463
