timestamps:
  login: 1388245830008
  lastteleport: 1388183865148
  logout: 1388245834356
ipAddress: 127.0.0.1
lastlocation:
  world: San Andreas
  x: 2480.5
  y: 71.0
  z: 1677.5
  yaw: -113.92706
  pitch: 35.495453
nickname: Leo
logoutlocation:
  world: world
  x: 244.75879974681504
  y: 60.0
  z: 199.00939493169878
  yaw: 274.0486
  pitch: -0.6000131
