timestamps:
  login: 1389481475741
  lastteleport: 1389482885098
  logout: 1389482943941
ipAddress: 99.237.142.6
lastlocation:
  world: world
  x: 252.5
  y: 50.0
  z: 259.5
  yaw: 180.53403
  pitch: 2.8501441
nickname: Leo
logoutlocation:
  world: world
  x: 249.44501190279504
  y: 60.0
  z: 169.84723853956567
  yaw: -21.603539
  pitch: 13.2949295
