timestamps:
  login: 1389482508041
  logout: 1389482503942
  lastteleport: 1389483777200
ipAddress: 192.0.186.238
lastlocation:
  world: world
  x: 252.5
  y: 50.0
  z: 259.5
  yaw: 180.53403
  pitch: 2.8501441
nickname: Daniel
logoutlocation:
  world: world
  x: 264.69999998807907
  y: 47.170787077218804
  z: 259.69999998807907
  yaw: -178.30298
  pitch: 90.0
