timestamps:
  login: 1387816559022
  logout: 1387816658873
ipAddress: 209.141.147.209
lastlocation:
  world: world
  x: 258.69999998807907
  y: 50.0
  z: 259.69999998807907
  yaw: -184.19153
  pitch: 34.08363
logoutlocation:
  world: world
  x: 258.5
  y: 50.0
  z: 250.5
  yaw: -184.19153
  pitch: 33.933628
