timestamps:
  login: 1388884310424
  logout: 1388884704622
ipAddress: 99.237.142.6
lastlocation:
  world: world
  x: 252.69999998807904
  y: 50.0
  z: 259.4689740096494
  yaw: -10.362838
  pitch: -10.381152
logoutlocation:
  world: world
  x: 258.5
  y: 50.0
  z: 250.5
  yaw: -10.977238
  pitch: -10.381152
