spawns: 
  default: 
    world: world
    x: 258.69999998807907
    y: 50.0
    z: 259.69999998807907
    yaw: -184.19153
    pitch: 34.08363
  prominecrafteray: 
    world: world
    x: 310.86807668749736
    y: 65.0
    z: 130.27676795397184
    yaw: 64.37842
    pitch: 21.314335
