spawns: 
  default: 
    world: world
    x: 252.49522531964857
    y: 50.0
    z: 259.32413008495206
    yaw: 180.53403
    pitch: 2.8501441
  prominecrafteray: 
    world: world
    x: 310.86807668749736
    y: 65.0
    z: 130.27676795397184
    yaw: 64.37842
    pitch: 21.314335
